0.564 AC001 0 4500 25000 356 300 0
1.245 AA056 3670 0 30000 350 267 0
6.478 CA1008 14609 0 30008 284 300 0
6.124 DL736 0 21578 39830 0 450 0
2.145 AA079 0 2506 29000 486 0 2000
0.658 QC001 0 4560 24000 0 556 0
2.458 AC015 36400 0 23000 345 452 0
3.456 AC016 36556 0 24000 460 0 1000
3.789 CA888 39612 0 25000 463 0 1200
2.345 DL025 36575 100 24000 486 256 0
0.564 AC022 0 4500 25000 356 300 0
1.245 AA057 3670 0 30000 350 267 0
6.478 CA108 15609 0 30008 284 300 0
6.124 DL700 0 21678 39830 0 450 0
2.145 AA088 0 2706 29000 486 0 2000
0.658 QC012 0 4560 24000 0 556 0
2.458 AC145 39400 0 23000 345 452 0
3.456 AC564 36256 0 24000 460 0 1000
3.789 CA885 37612 0 25000 463 0 1200
2.345 DL012 39545 0 24000 486 256 0